00000000000000000000000000000000
00000000000000000000000000000000
00000000111000000000000000000000
00000001111110000111000000000000
00000001111111001111110000000000
00000001111111111111111000000000
00000001111111111111111000000000
00000001111111000111111000000000
00000000111100000001111100000000
00000000111000000000111100000000
00000000111000000000111110000000
00000000111000000000111110000000
00000000111100000000111110000000
00000001111100000000111110000000
00000001111100000000111110000000
00000001111100000000111110000000
00000000111110000000111110000000
00000000111110000000011110000000
00000000111110000000011110000000
00000000111110000000011110000000
00000000111110000000011110000000
00000000111110000000111110000000
00000001111110000001111110000000
00000000111110000000111110000000
00000000000000000000011111000000
00000000000000000000011111000000
00000000000000000000000111100000
00000000000000000000000000000000
00000000000000000000000000000000
00000000000000000000000000000000
00000000000000000000000000000000
00000000000000000000000000000000
