00000000000000000000000000000000
00000000000000000000000000000000
00000000000000000011111100000000
00000000000000000011111100000000
00000000000000000111111110000000
00000000111111001111111110000000
00000000111111001111111110000000
00000000111111011111111111000000
00000000111111111111111111000000
00000000111111110000111111000000
00000000111111100000111111000000
00000000111111000000111111000000
00000000111111000000111111000000
00000000111111000000111111000000
00000000111111000000111111000000
00000000111111000000111111000000
00000000111111100000111111000000
00000000111111100000111111000000
00000000111111100000111111000000
00000000111111100000111111000000
00000000111111100000111111000000
00000000011111100000111111100000
00000000011111100000111111100000
00000000011111110000011111000000
00000000011111110000000000000000
00000000011111110000000000000000
00000000011111000000000000000000
00000000000000000000000000000000
00000000000000000000000000000000
00000000000000000000000000000000
00000000000000000000000000000000
00000000000000000000000000000000
