00000000000000000000000000000000
00000000000000000000000000000000
00000000000000000111111000000000
00000000111100011111111000000000
00000000111100011111111000000000
00000000111100011111111000000000
00000000111100011111111000000000
00000000111100000011111100000000
00000001111110000001111100000000
00000001111111000001111100000000
00000001111111000001111100000000
00000001111110000001111100000000
00000001111110000001111100000000
00000001111110000001111100000000
00000001111110000001111100000000
00000001111110000001111100000000
00000001111110000001111100000000
00000001111111000001111110000000
00000001111111000001111110000000
00000001111111000001111111000000
00000001111111000001111111000000
00000001111111000001111111000000
00000001111111000001111111000000
00000001111111000001111111000000
00000001111111000000111111100000
00000000111111000000000111100000
00000000111000000000000000000000
00000000000000000000000000000000
00000000000000000000000000000000
00000000000000000000000000000000
00000000000000000000000000000000
00000000000000000000000000000000
