00000000000000000000000000000000
00000000000000011000000000000000
00000000111000111010000000000000
00000001111001111111000000000000
00000001111111011111000000000000
00000001111110001111100000000000
00000001111100000111100000000000
00000001111000000111100000000000
00000001111000000111100000000000
00000000111000000111100000000000
00000000111000000111100000000000
00000000111000000111100000000000
00000001111000000111100000000000
00000001111000000111100000000000
00000001111000000111100000000000
00000001111000000111100000000000
00000001111100000111110000000000
00000001111100000111110000000000
00000000111100000111110000000000
00000000111100000011110000000000
00000000111100000011110000000000
00000001111100000011110000000000
00000001111100000011110000000000
00000001111100000011110000000000
00000001110000000001111000000000
00000000000000000000111000000000
00000000000000000000000000000000
00000000000000000000000000000000
00000000000000000000000000000000
00000000000000000000000000000000
00000000000000000000000000000000
00000000000000000000000000000000
