00000000000000000000000000000000
00000000000000000000000000000000
00000000000000000011000000000000
00000000000000000111100000000000
00000000000000011111110000000000
00000011110000111111110000000000
00000011111001111111110000000000
00000011111011000111110000000000
00000001111110000011110000000000
00000001111110000011110000000000
00000001111110000011110000000000
00000001111100000011110000000000
00000001111000000011110000000000
00000001111000000011111000000000
00000001111000000011111000000000
00000001111000000011111000000000
00000001111000000011111000000000
00000001111100000011111000000000
00000001111100000011111000000000
00000001111100000011111000000000
00000001111100000011111000000000
00000001111100000011111000000000
00000001111100000011111000000000
00000001111100000111111000000000
00000001111100000000000000000000
00000001111110000000000000000000
00000000111110000000000000000000
00000000000000000000000000000000
00000000000000000000000000000000
00000000000000000000000000000000
00000000000000000000000000000000
00000000000000000000000000000000
