00000001000000000000000000000000
00000001000000000000000000000000
00000001101000000000000000000000
00000001111100000000000000000000
00000000111110000000000000000000
00000000111110011111110000000000
00000000111111111111110000000000
00000000111110011111110000000000
00000000111110011111110011100000
00000000111110000001110011100000
00000001111100000000110011100000
00000001111100000000110011000000
00000001111100000000110000000000
00000001111100000001110000000000
00000001111100000001111000000000
00000001111100000001111000000000
00000001111100000000111100000000
00000001111110000000111100000000
00000001111110000000111100000000
00000001111110000000111100000000
00000000111110000000111100000000
00000000111110000001111100000000
00000000111111000001111100000000
00000000111111000000111100000000
00000000000111000000111110000000
00000000000000000000111110000000
00000000000000000000011110000000
00000000000000000000001100000000
00000000000000000000000100000000
00000000000000000000000000000000
00000000000000000000000000000000
00000000000000000000000000000000
