00000000000000000000000000000000
00000000000000000000000000000000
00000000000000000000000000000000
00000000111000000000000000000000
00000000011111111111111000000000
00000000011111111111111000000000
00000000000000000011110000000000
00000000000000000001110000000000
00000000000000000001110000000000
00000000000000000001110000000000
00000000000000000001110000000000
00000000000000000001111100000000
00000000000000001111111100000000
00000001111111111111111100000000
00000001111111110001111100000000
00000011111100000001111100000000
00000011111100000001111110000000
00000011111100000001111110000000
00000011111100000001111110000000
00000011111100000001111110000000
00000001111100000011111111100000
00000001111100000011111111100000
00000000111100000011111111100000
00000000111110000110111110000000
00000000111111011110111110000000
00000000011111111100000000000000
00000000000111110000000000000000
00000000000000000000000000000000
00000000000000000000000000000000
00000000000000000000000000000000
00000000000000000000000000000000
00000000000000000000000000000000
