00000000110000000000000000000000
00000001111000000000000000000000
00000001111111000000000000000000
00000001111111000000000000000000
00000001111111000000000000000000
00000001111111000000000000000000
00000001111111000000000000000000
00000001111111000000000000000000
00000000111100000000000000000000
00000000111100000000000000000000
00000000111100000000000000000000
00000000111100000011111100000000
00000000111100011111111110000000
00000000111100011111111110000000
00000000111100000000001110000000
00000000111100000000001110000000
00000000111100000000001111100000
00000001111100000000001111100000
00000000111110000000001111100000
00000000111110000000001111100000
00000000111110000000001111100000
00000000111110000000001111100000
00000000111111000000011111100000
00000000111111000000011111100000
00000000111111100000011111100000
00000000111111110000111111000000
00000000011111111011111110000000
00000000000000000111111000000000
00000000000000000000000000000000
00000000000000000000000000000000
00000000000000000000000000000000
00000000000000000000000000000000
