00000000000000000000000000000000
00000000000000000000001000000000
00000000000000000000011000000000
00000000000000000000111000000000
00000000011111100001111000000000
00000000111111110011110011000000
00000001111111110001110001100000
00000001111000000001110000100000
00000001111000000000110000000000
00000001111000000000010000000000
00000011111000000000010000000000
00000011111000000000010000000000
00000011111100000000011000000000
00000011111000000000111100000000
00000011111000000000111100000000
00000011111000000000111100000000
00000001111000000000111100000000
00000001111000000000111100000000
00000000111000000000111100000000
00000000111100000001111100000000
00000000111100000001111110000000
00000000011110000011111110000000
00000000011110000111111110000000
00000000001111000110011110000000
00000000001111111100011111000000
00000000000111111000011111000000
00000000000000110000011110000000
00000000000000000000011110000000
00000000000000000000011110000000
00000000000000000000011110000000
00000000000000000000111100000000
00000000001100000000111000000000
