00000000000000000000000000000000
00000000000010000000000000000000
00000000001111111000000000000000
00000000011111111000000000000000
00000000011111111100011000000000
00000000011110011100111100000000
00000000011100000111111110000000
00000001111000000001111000000000
00000001111000000000111000000000
00000001111000000000111000000000
00000001111000000000111000000000
00000001111000000000111000000000
00000011111000000000111000000000
00000011111000000000111100000000
00000011111000000000111110000000
00000011111000000000111111000000
00000011111000000000111111000000
00000011111000000000111111000000
00000000111100000000111111000000
00000000111110000000111111000000
00000000011111100000111111000000
00000000001111100000011111000000
00000000000111111110011111000000
00000000000000011100011111000000
00000000000000000000011111000000
00000000000000000000011111000000
00000000000000000000011111000000
00000000000000000000011111100000
00000000000000000000011111100000
00000000001110000000011111100000
00000000001111110000011111000000
00000000000001111100011111000000
