00000000000000000000000000000000
00000000000000000000000000000000
00000000000001111000111110000000
00000000000011111101111110000000
00000000001111000001111110000000
00000000011110000000111110000000
00000000011110000000111110000000
00000000111110000000111110000000
00000000111100000000111110000000
00000001111100000000111110000000
00000001111100000000111110000000
00000011111000000000111110000000
00000011111000000000111110000000
00000011111000000000111110000000
00000011111000000000111110000000
00000011111100000000111110000000
00000011111100000000111110000000
00000011111100000000111110000000
00000011111100000001111110000000
00000001111100000001111110000000
00000001111110001110011111000000
00000000111111111110011111000000
00000000111111111100011111000000
00000000001111110000011111000000
00000000000000000000011111000000
00000000000000000000011111000000
00000000000000000000011111000000
00000000000000000000011111100000
00000000000000000000011111000000
00000000000000000000111111000000
00000000000000000111111111000000
00000000001111100110000000000000
