00000000110000000000000000000000
00000000110000000000000000000000
00000000110000000000000000000000
00000000110000000000000000000000
00000001110000000000000000000000
00000001100000000000000000000000
00000001110000000000000000000000
00000001110000000000000000000000
00000001110000000000000000000000
00000001100000000000000001000000
00000011000000000001111111000000
00000010000000000111111111000000
00000110000000111100111111000000
00000110000011111000001111000000
00000110000011110000001111000000
00000000000011110000001111000000
00000000000011110000001111000000
00000000000111110000001111000000
00000000000111110000001111000000
00000000000111110000001111000000
00000000000111110000001111000000
00000000000111110000001111000000
00000000000111110000011111000000
00000000000111110000101111000000
00000000000111110011101111000000
00000000000011111111001111100000
00000000000000111100001111100000
00000000000000000000001111100000
00000000000000000000001111100000
00000000000000000000001111100000
00000000000000000000011111000000
00000000000000011111111000000000
