00000000111000000000000000000000
00000000111000000000000000000000
00000000111000000000000000000000
00000000111000000000000000000000
00000000110000000000000011100000
00000000110000000000111111100000
00000000110000001111111111100000
00000000110000111111110011100000
00000000110000111100000000000000
00000000110000111000000000000000
00000111110000111000000000000000
00000111100000111000000000000000
00000011000000111000000000000000
00000011000001111000000000000000
00000011000001111111111100000000
00000110000001111100011110000000
00000110000000100000001111000000
00000100000000000000001111000000
00000000000000000000001111100000
00000000000000000000001111100000
00000000000000000000001111100000
00000000000000000000001111100000
00000000000000000000001111000000
00000000000000000000011110000000
00000000000000000000111100000000
00000000000000000011111000000000
00000000000001111110000000000000
00000000000000111000000000000000
00000000000000000000000000000000
00000000000000000000000000000000
00000000000000000000000000000000
00000000000000000000000000000000
