00000000000000000000000000000000
00000000000000000111111000000000
00000000000000001111111000000000
00000000000000011111110000000000
00000000000000111111110000000000
00000000000000111111110000000000
00000000000001111111110000000000
00000000000011111111110000000000
00000000000111100111111000000000
00000000000100000000001000000000
00000000000000000000000000000000
00000000000000000000000000000000
00000000011100000000000000000000
00000000111100000000000000000000
00000001111100000000000000000000
00000001111100000001000000000000
00000001111100000001000000000000
00000011111110000011110000000000
00000001111111110111111110000000
00000000000000001111111111100000
00000000000000001111110000000000
00000000000000000111110000000000
00000000000000000001110000000000
00000000000000000001111000000000
00000000000000000001111000000000
00000000000000000001111000000000
00000000000000000001111100000000
00000000000000000000111100000000
00000000000000000000111000000000
00000000000000000000000000000000
00000000000000000000000000000000
00000000000000000000000000000000
