00000000000000000000000000000000
00000000000000000000011110000000
00000000000000000001111110000000
00000000000000000011111110000000
00000000000000000011111110000000
00000011110000011111111100000000
00000000000000001111111100000000
00000000000000000001111100000000
00000000000000000001111100000000
00000000000001110000110000000000
00000000000011100000110000000000
00000000000111000000110000000000
00000000001110000000110000000000
00000000011100000000010000000000
00000000111000000000010000000000
00000000110000000000010000000000
00000011110000000000111111000000
00000011110000000011111111100000
00000001111000001111111111000000
00000000111111111111111110000000
00000000000111110000111100000000
00000000000000000000111100000000
00000000000000000000111100000000
00000000000000000000111110000000
00000000000000000000111110000000
00000000000000000000111110000000
00000000000000000000111000000000
00000000000000000000000000000000
00000000000000000000000000000000
00000000000000000000000000000000
00000000000000000000000000000000
00000000000000000000000000000000
