00000000000000000000000000000000
00000000000000000000110000000000
00000000000000001111110000000000
00000000000000011111110000000000
00000000000000011111110000000000
00000000000000111111100000000000
00000000000001111111100000000000
00000000000001110111100000000000
00000000000011100111100000000000
00000000000111000111100000000000
00000000001110000111100000000000
00000000011110000111100000000000
00000000011110000111100000000000
00000000111100000111100000000000
00000000111000000111100000000000
00000000110000000111100000000000
00000011110000000111100111000000
00000011111000000111111111000000
00000011111100000111111111000000
00000001111111111111111000000000
00000000010111111111110000000000
00000000000000000111110000000000
00000000000000000011110000000000
00000000000000000011111000000000
00000000000000000011111000000000
00000000000000000011111000000000
00000000000000000011110000000000
00000000000000000011000000000000
00000000000000000000000000000000
00000000000000000000000000000000
00000000000000000000000000000000
00000000000000000000000000000000
