00000000000000000000000000000000
00000000000000000000000000000000
00000000000011000000000000000000
00000100000111100000000000000000
00000011111111111110000000000000
00000000111000011110000000000000
00000000110000000111110000000000
00000000110000000001110000000000
00000000110000000000110000000000
00000001110000000000010000000000
00000011110000000000010000000000
00000011111000000000010000000000
00000011111100000000011000000000
00000011111100001000111100000000
00000011111100001101111100000000
00000001111100000111111110000000
00000000111100000000000000000000
00000000111100000000000000000000
00000000111100000000000000000000
00000000111110000000000000000000
00000000011110000000000000000000
00000000000111100000000000000000
00000000000111110000000000000000
00000000000011111110000010000000
00000000000000011111000110000000
00000000000000001111111111000000
00000000000000000011111111100000
00000000000000000000000000000000
00000000000000000000000000000000
00000000000000000000000000000000
00000000000000000000000000000000
00000000000000000000000000000000
