00000000000000000000000000000000
00000000000000000011111100000000
00000000000000000111111110000000
00000000000000111110011100000000
00000000000011110000000000000000
00000000001111100000000000000000
00000000011111000000000000000000
00000000111110000000000000000000
00000001111110000000000000000000
00000001111110000000000000000000
00000001111100000000000000000000
00000001111000000000000000000000
00000001111000000001100000000000
00000001111000000001000000000000
00000001111000000000000000000000
00000011111000000000000000000000
00000011111000000000000000000000
00000011111100000000000000000000
00000001111100000000000000000000
00000001111100000000000000000000
00000000111100000000000110000000
00000000111110000000011111000000
00000000011111100011111111000000
00000000001111111111110000000000
00000000001111111110000000000000
00000000000000000000000000000000
00000000000000000000000000000000
00000000000000000000000000000000
00000000000000000000000000000000
00000000000000000000000000000000
00000000000000000000000000000000
00000000000000000000000000000000
