00000000000000000000000000000000
00000000000000000000000000000000
00000000000000000000000000000000
00000000000011100000000000000000
00000000001111111111110000000000
00000000011110001111111110000000
00000000111110001111111110000000
00000000111110000000000000000000
00000000111110000000000000000000
00000001111100000000000000000000
00000001111100000000000000000000
00000111111100000000000000000000
00000001111100000000000000000000
00000001111100000000000000000000
00000001111100000000000000000000
00000000111100000000000000000000
00000000111110000000000000000000
00000000111111000000000000000000
00000000111111000000000000000000
00000000001111000000000000000000
00000000001111100000000000000000
00000000000111110000000000000000
00000000000111111000000000000000
00000000000001111110000111000000
00000000000000011111111111000000
00000000000000001111111111100000
00000000000000000001111111100000
00000000000000000000000110000000
00000000000000000000000000000000
00000000000000000000000000000000
00000000000000000000000000000000
00000000000000000000000000000000
