00000000000000000000000000000000
00000000000000000000000000000000
00000000000000000011111000000000
00000000000000000011111100000000
00000000000000001111111110000000
00000001111100001111111110000000
00000001111100011100011111000000
00000001111111110000001111000000
00000001111111110000001111000000
00000001111111000000001111000000
00000001111110000000001111100000
00000001111100000000001111100000
00000001111100000000001111100000
00000001111100000000001111100000
00000001111100000000001111100000
00000001111100000000001111100000
00000001111100000000001111100000
00000001111100000000001111000000
00000000111100000000011111000000
00000000111100000000011111000000
00000000111100000000111110000000
00000000111110000000111100000000
00000000111110000011111000000000
00000000111111001111110000000000
00000000111111001111000000000000
00000000111111000000000000000000
00000000111111000000000000000000
00000000011111000000000000000000
00000000011111000000000000000000
00000000011111000000000000000000
00000000011111000000000000000000
00000000011111000000000000000000
