00000000000000000000000000000000
00000000000000000000000000000000
00000000000000000110000000000000
00000000011000011111110000000000
00000001011100111111111000000000
00000001111110110011111100000000
00000000111111100001111100000000
00000000111111000000111110000000
00000000111110000000011110000000
00000000111100000000001110000000
00000000111000000000001110000000
00000000111000000000001110000000
00000000111000000000001111000000
00000000111000000000001111100000
00000001111000000000001111100000
00000001111000000000001111100000
00000001111000000000001111100000
00000001111000000000001111100000
00000001111000000000001111100000
00000001111100000000011111100000
00000001111110000000011111100000
00000000111110000000111111100000
00000000111110001111111111000000
00000000111100000111111110000000
00000000111100000000000000000000
00000000111100000000000000000000
00000000111100000000000000000000
00000000111100000000000000000000
00000000111110000000000000000000
00000000111110000000000000000000
00000000111110000000000000000000
00000000111111000000000000000000
