00000000000000000000000000000000
00000000000000000000000000000000
00000000000000111111000000000000
00000000000011100011110000000000
00000000001111000000111100000000
00000000011110000000111110000000
00000000111110000000111110000000
00000000111110000000111110000000
00000001111100000000111111000000
00000001111100000001111100000000
00000001111100000001110000000000
00000001111110000011100000000000
00000000001111110111100000000000
00000000001111111111100000000000
00000000001110001111100000000000
00000000001100000011111000000000
00000000011100000001111100000000
00000000111000000000011110000000
00000001111000000000011111000000
00000011111000000000011111000000
00000111111000000000011111100000
00000111111000000000011111100000
00000111111000000000011111100000
00000011111100000000111111000000
00000001111111111111111110000000
00000000001111111000000000000000
00000000000000000000000000000000
00000000000000000000000000000000
00000000000000000000000000000000
00000000000000000000000000000000
00000000000000000000000000000000
00000000000000000000000000000000
