00000000000000000000000000000000
00000000000000000000000000000000
00000000000000000001110000000000
00000000000000001111111100000000
00000000000001111001111110000000
00000000001111100000111111000000
00000000111110000000111110000000
00000001111110000000111110000000
00000001111100000000111100000000
00000011111100000000111000000000
00000001111100000001110000000000
00000000111110000011100000000000
00000000011111000111100000000000
00000000001111111111100000000000
00000000001111111111100000000000
00000000001111011111111000000000
00000001111100000000111110000000
00000001111100000000011111100000
00000001111000000000011111100000
00000001111000000000011111100000
00000011111000000000011111100000
00000011111000000000011111000000
00000011111000000000011110000000
00000011111000000000111100000000
00000001111100000011111000000000
00000000111111001111110000000000
00000000011111111111000000000000
00000000000000000000000000000000
00000000000000000000000000000000
00000000000000000000000000000000
00000000000000000000000000000000
00000000000000000000000000000000
