00000000000000000000000000000000
00000000000000000000000000000000
00000000000000000000000110000000
00000011000000000001111111000000
00000011100000000001111110000000
00000011110000111111111110000000
00000011110011111111000010000000
00000011111111111111000000000000
00000011111111111111000000000000
00000011110000111110000000000000
00000011110000011110000011000000
00000011100000011100000011000000
00000011100000011100000111000000
00000011100000011100000111000000
00000001100000011100000111000000
00000001100000111100000111000000
00000001100000011110000111000000
00000001100000011110000111000000
00000001100000011110000111100000
00000001110000011110000111100000
00000001110000011110000111100000
00000001110000111110000111100000
00000001110000011110000111100000
00000011110000011110000111100000
00000001111000011110000000000000
00000000111000011110000000000000
00000000000000011100000000000000
00000000000000010000000000000000
00000000000000000000000000000000
00000000000000000000000000000000
00000000000000000000000000000000
00000000000000000000000000000000
