00000000000000000000000000000000
00000000000000000000111110000000
00000000000000000000111111000000
00000000000000000000111111000000
00000000000000000000111110000000
00000000000000000000111110000000
00000000000000000000111110000000
00000000000000000000111110000000
00000000000000000000111110000000
00000000000001111000111110000000
00000000000111111001111110000000
00000000001111000001111110000000
00000000011110000000111100000000
00000000111100000000111100000000
00000001111100000000111100000000
00000001111000000000111100000000
00000011111000000000111110000000
00000011111000000000111110000000
00000011111000000001111100000000
00000011111000000011111100000000
00000011111100000001111100000000
00000011111100000001111100000000
00000111111100000000111110000000
00000000111110000000011111000000
00000000111111011000111111000000
00000000011111110000011111100000
00000000000111000000000011100000
00000000000000000000000000000000
00000000000000000000000000000000
00000000000000000000000000000000
00000000000000000000000000000000
00000000000000000000000000000000
