00000000000000000000000011000000
00000000000000000000001100000000
00000000000001000001111100000000
00000000110000000001111100000000
00000000000000000001111100000000
00000000000000000001111100000000
00000000000000000001111100000000
00000000000000000001111100000000
00000000000000000001111000000000
00000000000000000001111000000000
00000000000000000001111000000000
00000000000000000001111000000000
00000000001011110011111000000000
00000000111110000011111000000000
00000001111110000001111000000000
00000001111000000001111000000000
00000011111000000001111000000000
00000011111000000001111000000000
00000011111000000001111100000000
00000011111000000001111100000000
00000001111000000001111100000000
00000001111000000001111100000000
00000001111000000011111100000000
00000000111000000011111100000000
00000000111100000101111100000000
00000000111100011101111100000000
00000000011111111000000000000000
00000000001111110000000000000000
00000000000011000000000000000000
00000000000000000000000000000000
00000000000000000000000000000000
00000000000000000000000000000000
