00000000000000000000000000000000
00000000000000000000001000000000
00000000000000000000011110000000
00000000000000000000011110000000
00000000000000000000111111100000
00000011110111000000111110000000
00000011111100000000011110000000
00000001111100000000001100000000
00000000111100000000001000000000
00000000011100000000001000000000
00000000011100000000111000000000
00000000011110000001111000000000
00000000011111000011111000000000
00000000011111000011110000000000
00000000001111000011110000000000
00000000001111000011100000000000
00000000001111100011100000000000
00000000001111100011100000000000
00000000000111100111100000000000
00000000000111110111000000000000
00000000000011111111000000000000
00000000000011111111000000000000
00000000000001111110000000000000
00000000000001111110000000000000
00000000000001111110000000000000
00000000000000111110000000000000
00000000000000111110000000000000
00000000000000111110000000000000
00000000000000111100000000000000
00000000000000111110000000000000
00000000000000111110000000000000
00000000000001111110000000000000
