00000000000000000000000000000000
00000000000000000000001111100000
00000000000000000000001111100000
00000000000000000000001111100000
00000011110000000000001111000000
00000011111100000000001111000000
00000001111110000000001111000000
00000000111110000000011110000000
00000000111111000000011110000000
00000000111111000000111110000000
00000000011111000000111100000000
00000000011111100000111100000000
00000000011111100001111100000000
00000000001111100001111100000000
00000000001111110001111000000000
00000000000111110001111000000000
00000000000111110001111000000000
00000000000011111001110000000000
00000000000011111011110000000000
00000000000011111111110000000000
00000000000001111111100000000000
00000000000001111111100000000000
00000000000000111111100000000000
00000000000000011111100000000000
00000000000000011111100000000000
00000000000000011111000000000000
00000000000000011111000000000000
00000000000000011111000000000000
00000000000000011111000000000000
00000000000000011111000000000000
00000000000000011110000000000000
00000000000000111110000000000000
