00000000000000000000000000000000
00000000000000000000000111100000
00000000000000000000001111100000
00000000000000000000011111000000
00000000000000000000011110000000
00000111111000000000111100000000
00000011111110000000111000000000
00000001111111000001111000000000
00000000111111000011110000000000
00000000011111100011100000000000
00000000001111100111000000000000
00000000001111111111000000000000
00000000000011111111000000000000
00000000000011111111000000000000
00000000000011111111000000000000
00000000000011111111000000000000
00000000000011111111000000000000
00000000000011111111100000000000
00000000000011110111111111000000
00000000000011110011111111000000
00000000000011100011111111000000
00000000000111100011111111000000
00000000001111000000111111100000
00000000011111000000011111100000
00000000011111000000000000000000
00000000111110000000000000000000
00000001111100000000000000000000
00000000000000000000000000000000
00000000000000000000000000000000
00000000000000000000000000000000
00000000000000000000000000000000
00000000000000000000000000000000
