00000000000000000000000000000000
00000000000000000000111111100000
00000000000000001111110000100000
00000000000000111111000000000000
00000000000000111111000000000000
00000000000011111111000000000000
00000000000111111100000000000000
00000000000111111100000000000000
00000000000111111100000000000000
00000000000111111111011100000000
00000000111111111111100000000000
00000001111111111000000000000000
00000111000011111000000000000000
00000000000011111000000000000000
00000000000011111000000000000000
00000000000011111100000000000000
00000000000111111100000000000000
00000000000111111111000000000000
00000000000111111111000000000000
00000000000111111111000000000000
00000000000111111111000000000000
00000000000111111111000000000000
00000000000111111111000000000000
00000000000011111111000000000000
00000000000011111111000000000000
00000000000011111111100000000000
00000000000000110000000000000000
00000000000000000000000000000000
00000000000000000000000000000000
00000000000000000000000000000000
00000000000000000000000000000000
00000000000000000000000000000000
