00000000000000000000000000000000
00000000000000000000000000000000
00000000000000000000011111000000
00000000000000011111111111000000
00000000000001111110000111100000
00000000001111110000000000000000
00000000011111100000000000000000
00000000011111000000000000000000
00000000111111000000000000000000
00000000111111000000000000000000
00000000111111100011110000000000
00000000111111111100000000000000
00000000111111100000000000000000
00000111111110000000000000000000
00000000111110000000000000000000
00000000111110000000000000000000
00000000111110000000000000000000
00000000111110000000000000000000
00000000111111000000000000000000
00000000111111100000000000000000
00000000111111100000000000000000
00000000111111100000000000000000
00000000111111100000000000000000
00000000011111100000000000000000
00000000011111110000000000000000
00000000011111110000000000000000
00000000011111110000000000000000
00000000011111100000000000000000
00000000001101000000000000000000
00000000000000000000000000000000
00000000000000000000000000000000
00000000000000000000000000000000
