00000000000000000000000000000000
00000000000000000000000000000000
00000000000000011111110000000000
00000000000011111101111110000000
00000000000111110000001110000000
00000000011111100000000000000000
00000000111111100000000000000000
00000000111111100000000000000000
00000000111111100000000000000000
00000000111111111111110000000000
00000000111111110001100000000000
00000111111111100000100000000000
00000111111111100000100000000000
00000001111111100000110000000000
00000000111111100000000000000000
00000000111111100000000000000000
00000000111111100000000000000000
00000000111111100000000000000000
00000000111111100000000000000000
00000000111111110000000000000000
00000000111111110000000000000000
00000000111111110000000000000000
00000000111111110000000000000000
00000000111111110000000000000000
00000000111111110000000000000000
00000000111111110000000000000000
00000000011110000000000000000000
00000000000000000000000000000000
00000000000000000000000000000000
00000000000000000000000000000000
00000000000000000000000000000000
00000000000000000000000000000000
